ID	X	Y
1	11.25	5.05
2	10.95	4.7
3	9.85	5.8
4	9.8	5.75
5	9.15	6.8
6	8.65	6.6
7	8.4	7.5
8	7.9	7.75
9	6.95	8.7
10	7.25	9.75
11	7.3	10.25
12	5.9	10.7
13	5.85	11.8
14	6.45	12.05
15	5.7	12.95
16	5.35	13.45
17	5.4	14.65
18	4.7	14.85
19	5.4	15.4
20	5.1	16.25
21	5.75	16.7
22	4.85	17.65
23	5	18
24	6.05	18
25	5.7	19.45
26	5.3	19.55
27	5.85	21.25
28	6.1	21.35
29	6.55	22.15
30	5.9	22.8
31	7.15	23.7
32	6.75	24.25
33	7.95	24.65
34	7.75	25.3
35	8.8	26.05
36	8.85	26.95
37	9.35	27.45
38	9.95	27.1
39	11.25	28.2
40	10.7	28.55
41	11.95	29.45
42	11.95	28.65
43	13.1	30.05
44	13.4	29.3
45	14.7	30.2
46	14.7	30.6
47	16.1	30.4
48	16.1	31.05
49	17.55	30.8
50	17.65	31.75
51	18.55	31.6
52	18.85	30.6
53	19.85	30.9
54	20.1	31.3
55	21.5	31.35
56	20.85	30.4
57	22.95	30.05
58	23.4	30.3
59	24.2	29.9
60	24.75	30
61	25.55	29.3
62	25.55	28.45
63	26.7	28.3
64	26.85	28.75
65	27.6	27.15
66	28.25	27.4
67	29.05	27
68	29.05	26.2
69	29.45	25.55
70	30.05	25.55
71	30.3	23.3
72	30.6	23.95
73	30.9	22.75
74	31	22.3
75	30.65	21.3
76	31.3	20.8
77	31.85	21.2
78	31.45	19.3
79	32.7	19.3
80	31.9	17.9
81	33.05	18.05
82	32.8	16.6
83	32.2	16.3
84	32.4	15.15
85	31.8	14.75
86	32.35	13.25
87	31.65	13.35
88	31.15	12.05
89	32	11.9
90	31.05	10.3
91	31.95	10.4
92	30.05	9.55
93	30.5	8.25
94	29.6	8.25
95	29.8	7.6
96	29	7.05
97	29	6.7
98	27.6	5.95
99	28.15	5.45
100	26.5	4.8
101	26.4	4.4
102	25.8	3.65
103	25.5	4.1
104	31.6	16.6
105	30.7	17.4
106	29.65	17.95
107	29.15	16.5
108	30.5	15.55
109	12.45	9.15
110	10.1	10.05
111	11.75	12.2
112	9.55	12.4
113	8.65	13.35
114	7.75	13.55
115	8.55	15.15
116	8.05	15.9
117	8.45	15.9
118	8.6	16.85
119	9	17.05
120	9	16.3
121	9.35	16.3
122	9.55	15.3
123	9.65	14.85
124	10.15	15.05
125	10.05	15.6
126	10.4	16
127	10.65	16
128	10.9	15.95
129	10.7	15.35
130	11.35	15.05
131	11.15	14.75
132	11.05	14.6
133	11.15	14.2
134	11.1	13.6
135	12.5	13
136	13.3	12.45
137	13.5	12.4
138	13.95	11.75
139	14.4	12.2
140	15.4	12.2
141	15.25	12.45
142	14.6	12.75
143	14.1	13.05
144	14.2	13.25
145	14.75	13.45
146	13.15	13.4
147	13.05	13.7
148	12.65	13.65
149	15.45	13.75
150	14.65	14.2
151	13.75	14.05
152	13.75	14.5
153	12.95	14.8
154	13.2	14.9
155	13.25	15.5
156	12.1	15.35
157	12.15	15.5
158	11.25	16.4
159	12.7	15.6
160	12.5	16.15
161	12.7	16.6
162	12.15	16.2
163	11.95	16.5
164	11.45	16.8
165	11.05	17.2
166	11.3	17.6
167	11.65	17.6
168	11.25	18.25
169	11.05	18.45
170	11.05	18.55
171	10.55	18.55
172	10.8	19.2
173	7.45	19
174	10.05	20.1
175	9.95	20.5
176	10.65	20.45
177	10.3	22.75
178	11.7	19.6
179	12.2	19.65
180	13.2	20.1
181	13.55	20.05
182	14.15	20.05
183	14.25	21.5
184	13.25	21.4
185	12.85	18.1
186	13.75	18.3
187	14.2	18.35
188	14.25	18.8
189	13.75	16
190	13.75	16.7
191	13.75	17.05
192	14.05	16.8
193	14.5	16.95
194	14.75	16.65
195	15.25	16.05
196	15.4	16.2
197	15.85	16.2
198	15.5	15.55
199	15	14.95
200	16.6	16.15
201	17.9	15.6
202	17.5	18.05
203	16.65	17.5
204	15.45	17.3
205	15.45	17.8
206	15.7	18.4
207	29.95	13.55
208	30	11.85
209	28.65	14.1
210	27.45	10.85
211	26.4	10.75
212	25.05	10.1
213	26.2	11.55
214	27.2	13.3
215	28.3	14.45
216	27.95	14.65
217	27.95	14.7
218	23.15	11
219	22.9	11.6
220	23.9	11.6
221	24.55	11.6
222	23.85	12.45
223	23.35	13.1
224	24.85	13.2
225	25.1	12.25
226	25.15	12.5
227	25.65	12.9
228	25.7	13.5
229	26.3	13.3
230	27.1	14.55
231	27.15	14.6
232	26.4	14.35
233	26.4	14.35
234	25.75	14.55
235	25.75	14.9
236	25.35	14.65
237	23.7	14.55
238	24.05	14.9
239	23.65	15.3
240	22.75	14.5
241	22	14
242	20.9	12.95
243	20.3	13.1
244	22.2	16.45
245	22.15	16.65
246	22.4	15.15
247	22.15	15.2
248	23.95	15.95
249	24.25	16.1
250	24.8	16.1
251	25.15	16.15
252	25.5	16.7
253	25.75	16.85
254	26.2	16.85
255	26.25	16.9
256	26.25	16.35
257	26.75	16.2
258	27.4	16.15
259	27.6	16.85
260	26.95	17.2
261	26.3	18.1
262	27.55	17.95
263	27.7	17.6
264	28.25	18.25
265	28.8	19.15
266	28.5	19.15
267	28.1	19.35
268	28.05	20.3
269	27.3	20.5
270	27.1	21.6
271	26.75	19.5
272	26.5	20
273	25.9	19.8
274	25.1	19.8
275	24.75	20.7
276	24.35	20.55
277	23.55	20.35
278	24.3	19.7
279	24.9	19
280	24.7	16.8
281	24.35	16.8
282	24.4	17.15
283	24.9	17.3
284	24.35	17.7
285	24.95	17.8
286	24.95	18.05
287	24.4	18.35
288	23.65	18.6
289	22.85	18.9
290	22.4	20.65
291	22.5	17.8
292	22.45	18.25
293	21.6	17.7
294	21.35	18.05
295	21.3	18.25
296	19.95	19.8
297	20.45	20.45
298	20.35	16.95
299	19.7	17.45
300	19.35	17.45
301	5.934	30.27
302	5.261	30.27
303	4.251	30.27
304	3.241	29.259
305	4.588	30.606
306	6.271	30.606
307	4.251	30.606
308	3.577	29.933
309	3.241	27.576
310	2.904	28.586
311	2.231	27.239
312	2.567	26.566
313	2.904	26.229
314	4.588	25.556
315	5.598	25.556
316	3.914	25.556
317	2.904	26.903
318	2.567	28.249
319	2.567	29.596
320	3.577	30.606
321	5.598	31.28
322	6.271	30.943
323	4.924	30.943
324	4.251	30.943
325	2.904	29.933
326	2.904	28.249
327	2.904	26.566
328	4.251	26.229
329	4.924	25.556
330	5.598	25.556
331	4.588	25.219
332	3.577	26.566
333	5.598	25.219
334	3.241	26.229
335	5.598	26.229
336	6.271	26.903
337	7.281	27.239
338	6.944	26.566
339	6.608	26.229
340	5.598	25.892
341	2.567	27.913
342	2.231	28.923
343	3.241	30.27
344	3.241	31.28
345	5.261	31.953
346	5.934	31.616
347	4.588	31.616
348	3.577	31.616
349	3.241	30.943
350	2.567	30.606
351	2.567	29.259
352	2.567	27.239
353	1.894	28.586
354	2.231	29.596
355	6.271	25.556
356	6.271	26.229
357	5.261	26.566
358	2.231	27.913
359	1.894	29.933
360	2.567	30.943
361	1.894	29.259
362	4.924	26.229
363	1.894	27.576
364	1.557	28.586
365	1.557	29.259
366	1.557	29.596
367	1.894	30.606
368	1.557	27.913
369	3.914	25.556
370	4.251	25.892
371	3.241	25.892
372	2.231	26.229
373	2.231	26.566
374	1.557	27.239
375	1.557	27.913
376	1.894	26.903
377	2.567	25.892
378	3.241	25.556
379	3.914	25.219
380	6.608	28.923
381	6.944	29.596
382	7.618	30.606
383	7.955	30.943
384	7.281	28.923
385	7.281	29.933
386	7.618	30.27
387	7.955	30.606
388	7.955	31.953
389	7.955	32.29
390	7.618	32.963
391	6.944	33.637
392	5.934	33.973
393	4.251	33.973
394	2.231	33.973
395	1.557	33.3
396	0.884	32.626
397	0.547	31.953
398	0.21	31.28
399	-0.463	30.27
400	-0.463	28.923
401	-0.126	27.576
402	0.547	26.566
403	1.557	25.219
404	2.904	24.546
405	2.231	24.882
406	1.557	25.556
407	0.884	25.892
408	0.21	27.239
409	-0.463	28.249
410	-0.463	28.923
411	-0.463	29.596
412	-0.463	30.606
413	0.21	31.953
414	0.884	32.963
415	1.221	33.637
416	2.231	33.973
417	3.577	34.31
418	3.914	34.31
419	4.588	34.31
420	5.261	34.31
421	6.271	34.31
422	7.281	33.637
423	7.618	33.3
424	7.955	32.626
425	7.955	32.29
426	8.291	31.616
427	7.281	29.596
428	7.618	29.596
429	8.291	30.606
430	8.628	31.616
431	7.955	29.933
432	8.628	30.27
433	8.965	30.943
434	8.628	30.943
435	8.291	29.259
436	8.291	29.933
437	8.628	32.29
438	8.628	32.963
439	7.955	34.31
440	8.291	33.3
441	7.955	33.973
442	7.955	33.3
443	8.291	32.963
444	7.618	34.647
445	7.281	34.647
446	6.608	34.647
447	6.944	34.31
448	7.618	33.973
449	5.261	34.647
450	6.271	34.983
451	6.608	34.983
452	5.261	35.32
453	4.251	35.32
454	2.904	34.983
455	3.914	34.983
456	4.251	34.983
457	5.598	34.983
458	2.567	34.983
459	1.557	34.31
460	2.231	33.973
461	2.567	33.973
462	3.577	33.973
463	2.904	34.647
464	2.567	34.647
465	2.231	34.31
466	1.557	34.31
467	4.588	34.647
468	3.241	34.983
469	0.884	34.983
470	0.21	34.31
471	-0.463	33.3
472	-0.8	32.29
473	-1.136	31.616
474	-1.473	30.606
475	-1.473	28.923
476	-1.473	27.576
477	3.577	24.546
478	4.588	24.209
479	5.598	24.209
480	4.588	24.209
481	3.577	24.209
482	3.241	24.209
483	1.221	24.882
484	0.21	25.892
485	-0.463	26.229
486	-0.463	27.913
487	-0.8	28.586
488	-0.8	30.606
489	-0.8	31.616
490	-0.463	31.953
491	0.21	32.626
492	0.547	33.637
493	-0.126	32.29
494	-0.126	33.3
495	1.221	34.647
496	2.567	35.32
497	1.894	35.32
498	2.904	35.657
499	3.577	35.657
500	4.251	35.657
501	4.924	35.657
502	5.598	35.657
503	6.608	35.32
504	2.231	24.546
505	1.557	24.546
506	0.21	25.556
507	0.884	25.219
508	-0.126	25.892
509	-0.126	27.239
510	-0.463	26.903
511	0.21	26.566
512	-1.473	27.239
513	-1.136	27.913
514	-1.136	28.249
515	-1.81	28.586
516	-1.473	29.596
517	-1.136	29.596
518	-1.136	28.249
519	-0.126	27.576
520	-0.126	26.903
521	0.547	25.892
522	-0.8	26.903
523	-1.136	27.576
524	-0.126	27.576
525	-0.8	29.596
526	-0.8	30.606
527	-0.463	31.28
528	-0.126	30.606
529	-1.136	30.27
530	-1.136	28.923
531	-0.463	27.576
532	0.884	25.219
533	-0.463	27.239
534	-1.473	28.249
535	-1.473	30.27
536	-0.463	31.28
537	5.598	24.209
538	4.251	24.209
539	1.894	25.219
540	0.884	25.219
541	-0.463	27.239
542	-0.8	28.923
543	-1.136	29.933
544	-0.463	31.28
545	0.21	33.3
546	0.884	34.31
547	-0.126	33.973
548	-0.463	32.963
549	-0.463	31.953
550	-1.136	30.943
551	-1.473	32.29
552	-0.8	33.637
553	-1.136	33.3
554	-2.146	30.943
555	-1.81	30.27
556	-2.483	29.596
557	-1.81	31.953
558	-1.473	32.963
559	-2.483	28.923
560	-2.146	29.933
561	-2.82	31.616
562	-2.146	33.3
563	-2.483	32.626
564	-2.483	29.933
565	-1.473	33.973
566	-0.463	34.31
567	0.21	35.32
568	-0.126	34.647
569	-2.146	31.28
570	-2.483	31.953
571	-2.82	30.606
572	1.894	35.657
573	1.557	35.657
574	0.884	35.657
575	-1.136	34.983
576	-0.463	35.32
577	31.566	29.97
578	32.239	29.97
579	33.249	29.97
580	34.259	28.959
581	32.912	30.306
582	31.229	30.306
583	33.249	30.306
584	33.923	29.633
585	34.259	27.276
586	34.596	28.286
587	35.269	26.939
588	34.933	26.266
589	34.596	25.929
590	32.912	25.256
591	31.902	25.256
592	33.586	25.256
593	34.596	26.603
594	34.933	27.949
595	34.933	29.296
596	33.923	30.306
597	31.902	30.98
598	31.229	30.643
599	32.576	30.643
600	33.249	30.643
601	34.596	29.633
602	34.596	27.949
603	34.596	26.266
604	33.249	25.929
605	32.576	25.256
606	31.902	25.256
607	32.912	24.919
608	33.923	26.266
609	31.902	24.919
610	34.259	25.929
611	31.902	25.929
612	31.229	26.603
613	30.219	26.939
614	30.556	26.266
615	30.892	25.929
616	31.902	25.592
617	34.933	27.613
618	35.269	28.623
619	34.259	29.97
620	34.259	30.98
621	32.239	31.653
622	31.566	31.316
623	32.912	31.316
624	33.923	31.316
625	34.259	30.643
626	34.933	30.306
627	34.933	28.959
628	34.933	26.939
629	35.606	28.286
630	35.269	29.296
631	31.229	25.256
632	31.229	25.929
633	32.239	26.266
634	35.269	27.613
635	35.606	29.633
636	34.933	30.643
637	35.606	28.959
638	32.576	25.929
639	35.606	27.276
640	35.943	28.286
641	35.943	28.959
642	35.943	29.296
643	35.606	30.306
644	35.943	27.613
645	33.586	25.256
646	33.249	25.592
647	34.259	25.592
648	35.269	25.929
649	35.269	26.266
650	35.943	26.939
651	35.943	27.613
652	35.606	26.603
653	34.933	25.592
654	34.259	25.256
655	33.586	24.919
656	30.892	28.623
657	30.556	29.296
658	29.882	30.306
659	29.545	30.643
660	30.219	28.623
661	30.219	29.633
662	29.882	29.97
663	29.545	30.306
664	29.545	31.653
665	29.545	31.99
666	29.882	32.663
667	30.556	33.337
668	31.566	33.673
669	33.249	33.673
670	35.269	33.673
671	35.943	33
672	36.616	32.326
673	36.953	31.653
674	37.29	30.98
675	37.963	29.97
676	37.963	28.623
677	37.626	27.276
678	36.953	26.266
679	35.943	24.919
680	34.596	24.246
681	35.269	24.582
682	35.943	25.256
683	36.616	25.592
684	37.29	26.939
685	37.963	27.949
686	37.963	28.623
687	37.963	29.296
688	37.963	30.306
689	37.29	31.653
690	36.616	32.663
691	36.279	33.337
692	35.269	33.673
693	33.923	34.01
694	33.586	34.01
695	32.912	34.01
696	32.239	34.01
697	31.229	34.01
698	30.219	33.337
699	29.882	33
700	29.545	32.326
701	29.545	31.99
702	29.209	31.316
703	30.219	29.296
704	29.882	29.296
705	29.209	30.306
706	28.872	31.316
707	29.545	29.633
708	28.872	29.97
709	28.535	30.643
710	28.872	30.643
711	29.209	28.959
712	29.209	29.633
713	28.872	31.99
714	28.872	32.663
715	29.545	34.01
716	29.209	33
717	29.545	33.673
718	29.545	33
719	29.209	32.663
720	29.882	34.347
721	30.219	34.347
722	30.892	34.347
723	30.556	34.01
724	29.882	33.673
725	32.239	34.347
726	31.229	34.683
727	30.892	34.683
728	32.239	35.02
729	33.249	35.02
730	34.596	34.683
731	33.586	34.683
732	33.249	34.683
733	31.902	34.683
734	34.933	34.683
735	35.943	34.01
736	35.269	33.673
737	34.933	33.673
738	33.923	33.673
739	34.596	34.347
740	34.933	34.347
741	35.269	34.01
742	35.943	34.01
743	32.912	34.347
744	34.259	34.683
745	36.616	34.683
746	37.29	34.01
747	37.963	33
748	38.3	31.99
749	38.636	31.316
750	38.973	30.306
751	38.973	28.623
752	38.973	27.276
753	33.923	24.246
754	32.912	23.909
755	31.902	23.909
756	32.912	23.909
757	33.923	23.909
758	34.259	23.909
759	36.279	24.582
760	37.29	25.592
761	37.963	25.929
762	37.963	27.613
763	38.3	28.286
764	38.3	30.306
765	38.3	31.316
766	37.963	31.653
767	37.29	32.326
768	36.953	33.337
769	37.626	31.99
770	37.626	33
771	36.279	34.347
772	34.933	35.02
773	35.606	35.02
774	34.596	35.357
775	33.923	35.357
776	33.249	35.357
777	32.576	35.357
778	31.902	35.357
779	30.892	35.02
780	35.269	24.246
781	35.943	24.246
782	37.29	25.256
783	36.616	24.919
784	37.626	25.592
785	37.626	26.939
786	37.963	26.603
787	37.29	26.266
788	38.973	26.939
789	38.636	27.613
790	38.636	27.949
791	39.31	28.286
792	38.973	29.296
793	38.636	29.296
794	38.636	27.949
795	37.626	27.276
796	37.626	26.603
797	36.953	25.592
798	38.3	26.603
799	38.636	27.276
800	37.626	27.276
801	38.3	29.296
802	38.3	30.306
803	37.963	30.98
804	37.626	30.306
805	38.636	29.97
806	38.636	28.623
807	37.963	27.276
808	36.616	24.919
809	37.963	26.939
810	38.973	27.949
811	38.973	29.97
812	37.963	30.98
813	31.902	23.909
814	33.249	23.909
815	35.606	24.919
816	36.616	24.919
817	37.963	26.939
818	38.3	28.623
819	38.636	29.633
820	37.963	30.98
821	37.29	33
822	36.616	34.01
823	37.626	33.673
824	37.963	32.663
825	37.963	31.653
826	38.636	30.643
827	38.973	31.99
828	38.3	33.337
829	38.636	33
830	39.646	30.643
831	39.31	29.97
832	39.983	29.296
833	39.31	31.653
834	38.973	32.663
835	39.983	28.623
836	39.646	29.633
837	40.32	31.316
838	39.646	33
839	39.983	32.326
840	39.983	29.633
841	38.973	33.673
842	37.963	34.01
843	37.29	35.02
844	37.626	34.347
845	39.646	30.98
846	39.983	31.653
847	40.32	30.306
848	35.606	35.357
849	35.943	35.357
850	36.616	35.357
851	38.636	34.683
852	37.963	35.02
853	13.3896	8.832
854	13.6592	8.832
855	14.1976	8.832
856	15.2752	8.832
857	16.8912	8.832
858	18.2384	8.832
859	19.8544	8.832
860	20.932	8.832
861	21.74	8.832
862	13.6592	7.822
863	13.6592	8.158
864	15.0064	8.495
865	16.3528	8.495
866	17.4304	8.495
867	17.9688	8.495
868	20.3936	8.158
869	18.7768	8.495
870	19.316	8.495
871	18.2384	7.822
872	16.6224	7.822
873	15.2752	8.158
874	14.1976	8.158
875	14.1976	7.485
876	15.2752	7.485
877	15.8144	7.485
878	17.4304	7.485
879	17.7	7.485
880	20.932	7.485
881	21.74	8.158
882	20.124	7.822
883	19.0464	7.822
884	18.508	7.485
885	21.4704	8.158
886	19.316	7.485
887	15.8144	8.832
888	16.0832	8.158
889	17.4304	8.158
890	20.3936	8.158
891	20.3936	8.158
892	16.0832	8.158
893	14.1976	8.158
894	16.3528	8.495
895	18.7768	8.495
896	20.6624	8.158
897	20.932	8.158
898	18.7768	8.495
899	18.508	8.495
900	20.6624	7.822
901	14.4672	7.822
902	13.3896	8.495
903	12.8512	8.158
904	13.1208	7.485
905	13.1208	7.485
906	21.4704	7.822
907	22.0096	7.822
908	22.0096	8.495
909	14.7368	9.842
910	15.2752	9.842
911	17.7	9.842
912	19.0464	9.842
913	20.3936	9.505
914	19.8544	9.842
915	18.7768	9.842
916	17.1608	9.842
917	15.2752	10.179
918	15.8144	10.852
919	16.8912	10.852
920	18.7768	10.852
921	19.5848	10.852
922	17.9688	10.852
923	16.8912	10.852
924	16.3528	10.179
925	17.7	10.179
926	19.5848	10.852
927	19.0464	10.852
928	17.1608	10.515
929	16.6224	10.515
930	16.0832	10.515
931	15.5448	10.515
932	16.6224	10.515
933	17.9688	10.515
934	18.508	10.515
935	19.0464	10.515
936	19.5848	10.515
937	18.7768	10.515
938	19.0464	10.179
939	18.2384	10.179
940	17.4304	10.179
941	16.6224	10.515
942	15.8144	10.515
943	15.0064	10.515
944	15.0064	10.515
945	16.0832	10.515
946	17.1608	10.515
947	18.508	10.515
948	18.508	10.515
949	17.1608	10.515
950	15.8144	10.515
951	15.5448	10.179
952	15.8144	10.179
953	16.0832	10.179
954	17.1608	10.515
955	16.6224	9.842
956	16.8912	9.842
957	16.8912	10.179
958	16.0832	9.842
959	15.5448	9.842
960	18.2384	11.525
961	17.7	11.525
962	17.7	11.525
963	16.0832	10.852
964	16.6224	10.852
965	17.4304	11.862
966	16.6224	11.525
967	16.3528	11.525
968	18.508	11.525
969	18.508	11.525
970	17.4304	10.852
971	17.4304	11.525
972	16.8912	11.189
973	16.3528	11.189
974	17.4304	11.525
975	18.7768	11.189
976	19.0464	11.189
977	18.2384	11.189
978	17.7	11.189
979	17.7	11.189
980	16.8912	11.525
981	19.316	10.515
982	20.124	10.515
983	19.8544	9.842
984	19.0464	10.179
985	18.7768	10.179
986	18.2384	10.179
987	18.2384	10.179
988	17.1608	10.179
989	18.2384	10.179
990	19.0464	10.179
991	19.8544	10.179
992	20.3936	10.179
993	15.0064	10.515
994	15.5448	10.515
995	16.0832	11.189
996	17.7	10.852
997	15.2752	10.515
998	18.2384	10.179
999	19.316	10.179
1000	19.8544	10.179
1001	14.1976	9.842
1002	13.9288	9.842
1003	14.4672	10.515
1004	15.0064	10.515
1005	14.4672	10.179
1006	15.0064	10.852
1007	15.2752	11.189
1008	15.8144	11.525
1009	13.9288	10.179
1010	13.6592	9.505
1011	13.3896	9.169
1012	14.4672	10.179
1013	15.0064	11.189
1014	17.4304	11.525
1015	19.0464	11.525
1016	19.8544	11.525
1017	20.3936	11.525
1018	20.932	10.179
1019	20.3936	10.852
1020	19.8544	11.525
1021	20.6624	11.189
1022	20.6624	10.852
1023	20.6624	10.852
1024	19.8544	11.862
1025	18.508	11.862
1026	16.6224	12.199
1027	17.4304	12.199
1028	17.9688	12.199
1029	18.508	12.199
1030	18.7768	12.199
1031	19.0464	11.862
1032	17.7	11.862
1033	15.8144	11.525
1034	15.8144	11.525
1035	16.3528	12.199
1036	18.508	12.872
1037	21.74	10.515
1038	21.2016	10.179
1039	21.4704	10.179
1040	21.2016	10.515
1041	20.3936	11.189
1042	19.8544	11.189
1043	20.6624	11.189
1044	14.7368	6.475
1045	15.5448	6.812
1046	16.6224	6.812
1047	17.1608	6.812
1048	18.7768	6.812
1049	17.9688	6.812
1050	19.5848	6.812
1051	20.3936	6.812
1052	20.3936	6.475
1053	20.124	6.475
1054	19.0464	6.475
1055	17.9688	6.475
1056	17.4304	6.475
1057	16.6224	6.475
1058	15.8144	6.475
1059	14.7368	6.475
1060	15.2752	6.475
1061	15.8144	6.475
1062	15.8144	6.475
1063	15.8144	6.475
1064	15.8144	6.475
1065	16.0832	6.475
1066	16.0832	6.475
1067	16.6224	6.475
1068	17.1608	6.475
1069	17.4304	6.475
1070	18.508	6.475
1071	18.508	6.475
1072	19.316	6.475
1073	19.316	6.475
1074	19.5848	6.475
1075	19.8544	6.475
1076	19.0464	6.475
1077	17.7	6.475
1078	16.6224	6.475
1079	15.8144	6.475
1080	14.7368	6.475
1081	14.7368	6.475
1082	14.7368	6.475
1083	15.2752	6.475
1084	16.0832	6.475
1085	16.8912	6.475
1086	18.2384	6.475
1087	18.508	6.475
1088	19.5848	6.475
1089	20.3936	6.138
1090	19.316	6.475
1091	18.2384	6.475
1092	16.6224	6.138
1093	15.5448	6.138
1094	14.7368	6.138
1095	15.5448	6.138
1096	16.0832	6.138
1097	16.6224	6.138
1098	17.1608	5.802
1099	18.2384	5.802
1100	19.0464	5.802
1101	19.316	5.802
1102	19.5848	6.138
1103	17.9688	6.138
1104	17.9688	6.138
1105	18.508	6.138
1106	17.7	6.138
1107	16.8912	5.802
1108	16.6224	5.802
1109	15.2752	5.802
1110	15.8144	5.802
1111	16.3528	5.802
1112	16.8912	5.802
1113	17.7	5.802
1114	18.508	5.465
1115	17.9688	5.128
1116	17.4304	4.791
1117	17.4304	5.465
1118	17.1608	5.465
1119	16.3528	5.465
1120	15.8144	5.465
1121	15.8144	5.465
1122	15.2752	5.465
1123	16.6224	4.791
1124	17.1608	5.128
1125	16.3528	4.791
1126	15.8144	4.791
1127	15.8144	5.128
1128	16.3528	4.791
1129	16.3528	5.128
1130	17.4304	5.128
1131	17.7	4.791
1132	18.508	4.791
1133	20.3936	6.138
1134	19.5848	6.138
1135	19.316	5.802
1136	18.508	5.465
1137	17.9688	5.128
1138	17.1608	5.128
1139	16.8912	5.128
1140	15.8144	5.128
1141	15.5448	6.138
1142	14.4672	6.475
1143	14.1976	6.812
1144	15.0064	6.812
1145	17.4304	6.475
1146	18.2384	6.475
1147	17.7	5.802
1148	17.1608	4.791
1149	16.0832	4.791
1150	16.0832	4.791
1151	16.6224	4.455
1152	17.7	4.455
1153	17.1608	4.455
1154	18.7768	5.802
1155	17.4304	5.802
1156	15.2752	5.802
1157	19.0464	5.465
1158	19.8544	5.802
1159	18.508	5.128
1160	17.7	4.791
1161	18.7768	4.791
1162	19.0464	5.128
1163	19.316	5.128
1164	19.8544	6.138
1165	16.0832	6.475
1166	17.9688	5.128
1167	17.9688	5.802
1168	19.5848	5.802
1169	21.74	6.812
1170	21.2016	6.138
1171	20.3936	5.465
1172	19.8544	5.128
1173	19.0464	4.791
1174	19.8544	5.802
1175	20.932	6.138
1176	20.124	6.475
1177	20.6624	6.475
1178	21.4704	6.812
1179	20.932	6.812
1180	21.4704	6.812
1181	20.3936	5.802
1182	19.8544	5.802
1183	19.0464	5.465
1184	19.316	5.465
1185	19.8544	5.465
1186	20.6624	6.138
1187	21.4704	7.148
1188	19.316	5.802
1189	17.9688	5.128
1190	18.2384	5.465
1191	17.4304	5.465
1192	17.9688	4.455
1193	18.508	4.455
1194	18.2384	5.128
1195	21.6288	2.8388
1196	20.9016	3.05448
1197	19.93176	3.05448
1198	19.68912	3.4852
1199	20.9016	3.26952
1200	21.87072	3.26952
1201	22.59864	2.8388
1202	24.5376	2.1924
1203	24.5376	0.68392
1204	24.5376	-1.04024
1205	23.32584	-1.68664
1206	21.87072	-1.90168
1207	19.68912	-1.90168
1208	18.47736	-1.47096
1209	18.23472	-0.17816
1210	18.23472	1.11464
1211	18.71928	2.40808
1212	20.65896	2.8388
1213	23.8104	2.62312
1214	24.29496	1.546
1215	24.29496	0.68392
1216	24.29496	-0.17816
1217	23.56776	-0.82456
1218	23.8104	-0.17816
1219	23.8104	0.68392
1220	23.8104	1.11464
1221	23.56776	2.1924
1222	24.05304	1.97672
1223	22.84056	2.40808
1224	22.356	1.97672
1225	23.0832	1.33032
1226	23.32584	1.33032
1227	23.0832	2.40808
1228	23.0832	1.546
1229	23.0832	1.97672
1230	23.32584	2.40808
1231	23.56776	1.546
1232	22.11336	2.40808
1233	21.14352	2.40808
1234	20.1744	2.40808
1235	19.44648	1.97672
1236	19.44648	2.40808
1237	18.47736	1.33032
1238	18.96192	1.546
1239	18.47736	1.97672
1240	17.99208	1.97672
1241	17.99208	0.68392
1242	17.99208	0.03752
1243	17.99208	1.11464
1244	17.75016	1.546
1245	17.50752	0.46824
1246	17.99208	-0.82456
1247	19.93176	-1.90168
1248	20.65896	-1.90168
1249	22.356	-1.90168
1250	23.0832	-1.68664
1251	25.2648	0.46824
1252	25.02288	1.33032
1253	25.02288	-0.3932
1254	24.05304	-1.47096
1255	23.8104	-2.11736
1256	24.29496	-1.25528
1257	24.29496	-0.3932
1258	25.02288	-0.3932
1259	25.02288	0.46824
1260	24.29496	0.8996
1261	22.59864	2.1924
1262	20.1744	2.1924
1263	18.23472	0.8996
1264	18.23472	-0.3932
1265	19.44648	-1.47096
1266	18.71928	-1.25528
1267	17.99208	-0.17816
1268	18.96192	-1.90168
1269	21.38616	-2.33304
1270	21.14352	-1.90168
1271	22.356	-2.76376
1272	23.32584	-2.11736
1273	22.84056	0.46824
1274	21.38616	0.68392
1275	20.9016	1.11464
1276	21.87072	1.546
1277	22.356	-0.3932
1278	20.9016	0.46824
1279	19.68912	0.03752
1280	21.38616	-0.3932
1281	22.11336	0.46824
1282	22.11336	1.546
1283	19.93176	1.546
1284	19.93176	0.03752
1285	20.9016	-1.04024
1286	19.93176	-1.04024
1287	20.1744	-0.60888
1288	18.96192	-0.3932
1289	18.96192	0.03752
1290	18.96192	1.11464
1291	19.44648	0.8996
1292	20.9016	0.8996
1293	21.38616	1.97672
1294	22.84056	0.46824
1295	23.0832	-0.3932
1296	22.59864	-0.82456
1297	21.87072	-1.04024
1298	20.65896	-0.17816
1299	20.41632	0.68392
1300	20.9016	1.546
1301	21.6288	0.68392
1302	23.0832	0.68392
1303	20.9016	0.2532
1304	22.356	1.97672
1305	21.14352	1.11464
1306	19.20456	1.11464
1307	18.71928	-0.17816
1308	22.84056	-2.33304
1309	24.29496	-2.11736
1310	23.8104	2.40808
1311	23.32584	2.8388
1312	22.84056	2.8388
1313	22.356	3.26952
1314	19.20456	2.1924
1315	18.71928	1.33032
1316	18.47736	-0.60888
1317	18.47736	-1.68664
1318	19.68912	-2.33304
1319	20.65896	-2.33304
1320	22.11336	-2.33304
1321	18.47736	0.68392
1322	18.71928	0.46824
1323	19.20456	0.46824
1324	19.20456	-0.60888
1325	19.44648	-1.25528
1326	21.14352	-1.25528
1327	21.38616	-0.17816
1328	22.356	0.8996
1329	21.87072	1.11464
1330	20.41632	1.97672
1331	19.93176	1.546
1332	18.96192	0.8996
1333	19.93176	0.8996
1334	21.6288	-1.04024
1335	24.5376	-1.68664
1336	25.02288	-1.04024
1337	18.96192	2.62312
1338	19.44648	2.8388
1339	22.59864	-1.68664
1340	20.65896	-1.68664
1341	22.356	0.2532
1342	23.56776	0.03752
1343	22.11336	-0.3932
1344	21.87072	1.11464
1345	23.0832	-1.47096
1346	20.41632	-1.04024
1347	19.20456	-0.3932
1348	20.1744	0.68392
1349	22.356	1.97672
1350	16.78032	2.1924
1351	17.26488	1.546
1352	17.26488	0.8996
1353	17.26488	0.03752
1354	17.02224	-0.60888
1355	16.29504	-1.47096
1356	15.32592	-1.68664
1357	13.62888	-1.68664
1358	12.17376	-0.82456
1359	11.44656	1.11464
1360	13.1436	2.62312
1361	14.84064	2.62312
1362	16.53768	2.62312
1363	12.4164	1.76168
1364	12.4164	0.46824
1365	13.62888	-0.3932
1366	15.32592	-0.17816
1367	16.29504	1.546
1368	15.08328	2.1924
1369	14.11344	1.97672
1370	14.35608	1.33032
1371	15.56784	1.11464
1372	15.81048	0.03752
1373	16.29504	0.03752
1374	16.29504	0.8996
1375	15.81048	2.62312
1376	14.598	2.62312
1377	13.8708	2.8388
1378	13.8708	1.76168
1379	13.1436	1.546
1380	13.62888	0.03752
1381	13.8708	0.8996
1382	14.598	-0.60888
1383	16.05312	-0.60888
1384	16.53768	-0.60888
1385	16.05312	-1.25528
1386	14.35608	-1.25528
1387	12.90168	-0.3932
1388	12.90168	0.68392
1389	14.598	1.33032
1390	14.598	0.8996
1391	14.598	0.46824
1392	15.32592	0.2532
1393	15.32592	1.76168
1394	16.05312	1.97672
1395	16.53768	1.11464
1396	17.26488	0.46824
1397	16.53768	-0.3932
1398	14.598	-1.04024
1399	14.11344	-0.17816
1400	15.81048	-0.82456
1401	12.17376	0.46824
1402	13.1436	-1.04024
1403	12.65904	2.1924
1404	11.93184	1.76168
1405	12.4164	2.1924
1406	14.84064	3.26952
1407	16.05312	3.26952
1408	15.32592	3.26952
1409	13.62888	3.4852
1410	12.90168	3.05448
1411	14.35608	3.4852
1412	12.90168	-0.82456
1413	13.8708	-0.82456
1414	14.35608	-1.68664
1415	15.56784	-1.47096
1416	12.17376	-0.17816
1417	11.6892	0.8996
1418	11.6892	0.2532
1419	12.17376	-0.82456
1420	14.598	-0.17816
1421	14.84064	0.8996
1422	14.84064	2.40808
1423	17.26488	0.8996
1424	17.26488	-0.17816
1425	16.53768	-0.3932
1426	14.35608	0.46824
1427	13.1436	1.76168
1428	13.38624	2.40808
1429	14.598	1.97672
1430	14.598	-0.3932
1431	13.38624	-0.60888
1432	19.68912	3.05448
1433	18.23472	3.05448
1434	16.53768	3.26952
1435	17.75016	3.05448
1436	19.20456	3.05448
1437	20.41632	2.8388
1438	18.71928	3.26952
1439	17.50752	3.26952
1440	15.56784	3.26952
1441	17.26488	2.40808
1442	17.50752	2.40808
1443	17.50752	2.62312
1444	22.59864	-2.33304
1445	21.38616	-2.54808
1446	20.1744	-2.54808
1447	18.71928	-2.33304
1448	18.23472	-2.11736
1449	17.50752	-2.11736
1450	18.47736	-1.68664
1451	17.99208	-1.04024
1452	17.26488	-1.04024
1453	18.23472	-1.47096
1454	17.02224	-1.25528
1455	16.05312	-1.47096
1456	16.53768	-1.90168
1457	17.50752	-1.90168
1458	17.99208	-1.90168
1459	17.02224	-1.47096
1460	14.35608	-1.47096
1461	13.38624	-1.25528
1462	12.4164	-0.82456
1463	11.93184	0.03752
1464	11.93184	0.2532
1465	11.93184	2.40808
1466	12.17376	3.4852
1467	12.17376	3.05448
1468	12.90168	2.40808
1469	13.62888	2.8388
1470	13.1436	0.46824
1471	13.38624	0.68392
1472	12.65904	1.11464
1473	12.65904	-1.25528
1474	11.6892	-0.3932
1475	11.20464	0.68392
1476	11.6892	1.33032
1477	11.44656	2.1924
1478	11.6892	2.40808
1479	11.6892	3.05448
1480	13.38624	3.4852